1000 135375 0
1331 98750 1
1728 125584 2
2197 160459 3
2744 197875 4
3375 249042 5
4096 297583 6
4913 352083 7
5832 422666 8
6859 501125 9
8000 577458 10
9261 674667 11
10648 779041 12
12167 456542 13
13824 213292 14
15625 228709 15
17576 260333 16
19683 220416 17
21952 244708 18
24389 276667 19
27000 297625 20
29791 327958 21
32768 373667 22
35937 396208 23
39304 418084 24
42875 448000 25
46656 513583 26
50653 566333 27
54872 602584 28
59319 660000 29
64000 702542 30
68921 755500 31
74088 821292 32
79507 895208 33
85184 924708 34
91125 982625 35
97336 1057750 36
103823 1152584 37
110592 1199583 38
117649 1243625 39
125000 1331667 40
132651 1449041 41
140608 1764000 42
148877 1757291 43
157464 1844750 44
166375 1449625 45
175616 736334 46
185193 737917 47
195112 784917 48
205379 792417 49
216000 850959 50
226981 880792 51
238328 1326709 52
250047 964542 53
262144 1044625 54
274625 1249250 55
287496 4617042 56
300763 1119792 57
314432 920250 58
328509 930500 59
343000 970417 60
357911 1027791 61
373248 1041541 62
389017 1113375 63
405224 1094333 64
421875 1152166 65
438976 1192750 66
456533 1309375 67
474552 2112375 68
493039 1379166 69
512000 1420541 70
531441 1523083 71
551368 1842709 72
571787 4871500 73
592704 3169083 74
614125 2713041 75
636056 2598375 76
658503 2576209 77
681472 2910416 78
704969 2939083 79
729000 2834542 80
753571 3371667 81
778688 3167667 82
804357 3094000 83
830584 3171250 84
857375 3059000 85
884736 6882083 86
912673 3694916 87
941192 3637875 88
970299 3862917 89
1000000 3720125 90
